28961 : (4.5 / 5)
28998 : (3.5 / 5)
29074 : (4.0 / 5)
29086 : (3.0 / 5)
29093 : (4.0 / 5)
29108 : (4.0 / 5)
29120 : (3.0 / 5)
29143 : (3.0 / 5)
29152 : (4.0 / 5)
29191 : (3.0 / 5)
29193 : (5.0 / 5)
29198 : (2.0 / 5)
29208 : (4.5 / 5)
29218 : (4.5 / 5)
29220 : (2.0 / 5)
29238 : (5.0 / 5)
29239 : (4.0 / 5)
29254 : (4.5 / 5)
29284 : (4.0 / 5)
29310 : (5.0 / 5)
29339 : (3.0 / 5)
29348 : (5.0 / 5)


[19370, 19374,19376,19398,19399,19403,19415,19447,19448,19453,19456,19457,19509,19523,19533,19594,19770,19830,19869,19893,19922,20015,20016,20073,20075,20100,20153,20156,20158,20266,20267,20353,20378,20409,20472,20489,20491,20496,20506,20525,20537,20538,20545,20560,20575,20576,20588,20599,20612,20639,20661,20669,20671,20691,20702,20709,20711,20718,20723,20732,20733]